[app/ui]
version = 8.0.2.1
modtime = 1590085332.513835000

[app/launcher]
version = 8.0.2.1
modtime = 1590085332.521551000

[views/ipfs_metrics]
owner = admin
version = 8.0.2.1
modtime = 1590088203.299364000
